
Voc = 37.41 
Isc = 8.61
Ki = 0.002
Kv = -0.32
Rs = 0.22
Rp = 415
Ns = 60
A=1.3
Tc = 25






